1
3
3 6 7 9
2 4 8
5 9 7 3 5 2

2
3
3 6 7 9
2 4 8
5 9 7 3 5 2
3 5 4 1


3
3
3 6 7 9
2 4 8
5 9 7 3 5 2
3 5 4 10

4
3
3 6 7 9
2 4 8
5 9 7 3 5 2
3 5 4 1

5
9
999 14 733 29 22222 334 0 -12 -856

1
5
12 25 34 6 19 17 29 56 7 32 10 12 11
5 42 9 19 55 13
7 9 7 3 5 2 1 8
3 0 -7 -24
9 22 -30 9 15 1 6 8 33 99


1
4
6 56 7 32 10 12 11
5 25 34 6 19 17
8 2 1 8 3 9 7 3 5
3 35 12 -1

2
5
12 25 34 6 19 17 29 56 7 32 10 12 11
5 42 9 19 55 13
7 9 7 3 5 2 1 8
3 0 -7 -24
9 22 -30 9 15 1 6 8 33 99
7 1 2 3 11 12 13 18


2
4
6 56 7 32 10 12 11
5 25 34 6 19 17
8 2 1 8 3 9 7 3 5
3 35 12 -1
10 1 2 3 11 12 13 18 5 4 10

3
5
12 25 34 6 19 17 29 56 7 32 10 12 11
5 42 9 19 55 13
7 9 7 3 5 2 1 8
3 0 -7 -24
9 22 -30 9 15 1 6 8 33 99
7 1 2 3 11 12 13 18

3
4
6 56 7 32 10 12 11
5 25 34 6 19 17
8 2 1 8 3 9 7 3 5
3 35 12 -1
10 1 2 3 11 12 13 18 5 4 10

5
12
623 -14 733 29 22222 334 0 -12 -856 12345 1 -1